,Months,PPMT,IPMT,EMI,Cumulative_PPMT,Cumulative_IPMT,Cumulative_EMI
0,1,14449.27,33333.33,47782.600000000006,14449.27,33333.33,47782.600000000006
1,2,14545.6,33237.0,47782.6,28994.870000000003,66570.33,95565.20000000001
2,3,14642.57,33140.03,47782.6,43637.44,99710.36,143347.80000000002
3,4,14740.19,33042.42,47782.61,58377.630000000005,132752.78,191130.41000000003
4,5,14838.46,32944.15,47782.61,73216.09,165696.93,238913.02000000002
5,6,14937.38,32845.23,47782.61,88153.47,198542.16,286695.63
6,7,15036.96,32745.64,47782.6,103190.43,231287.8,334478.23
7,8,15137.21,32645.4,47782.61,118327.63999999998,263933.2,382260.83999999997
8,9,15238.12,32544.48,47782.6,133565.75999999998,296477.68,430043.43999999994
9,10,15339.71,32442.9,47782.61,148905.46999999997,328920.58,477826.04999999993
10,11,15441.97,32340.63,47782.6,164347.43999999997,361261.21,525608.6499999999
11,12,15544.92,32237.68,47782.6,179892.36,393498.89,573391.2499999999
12,13,15648.55,32134.05,47782.6,195540.90999999997,425632.94,621173.8499999999
13,14,15752.88,32029.73,47782.61,211293.78999999998,457662.67,668956.4599999998
14,15,15857.9,31924.71,47782.61,227151.68999999997,489587.38,716739.0699999998
15,16,15963.62,31818.99,47782.61,243115.30999999997,521406.37,764521.6799999998
16,17,16070.04,31712.56,47782.600000000006,259185.34999999998,553118.93,812304.2799999998
17,18,16177.17,31605.43,47782.6,275362.51999999996,584724.3600000001,860086.8799999998
18,19,16285.02,31497.58,47782.600000000006,291647.54,616221.9400000001,907869.4799999997
19,20,16393.59,31389.02,47782.61,308041.13,647610.9600000001,955652.0899999997
20,21,16502.88,31279.73,47782.61,324544.01,678890.6900000001,1003434.6999999997
21,22,16612.9,31169.71,47782.61,341156.91000000003,710060.4,1051217.3099999998
22,23,16723.65,31058.95,47782.600000000006,357880.56000000006,741119.35,1098999.91
23,24,16835.14,30947.46,47782.6,374715.70000000007,772066.8099999999,1146782.51
24,25,16947.38,30835.23,47782.61,391663.0800000001,802902.0399999999,1194565.12
25,26,17060.36,30722.25,47782.61,408723.44000000006,833624.2899999999,1242347.7300000002
26,27,17174.09,30608.51,47782.6,425897.5300000001,864232.7999999999,1290130.3300000003
27,28,17288.59,30494.02,47782.61,443186.1200000001,894726.82,1337912.9400000004
28,29,17403.84,30378.76,47782.6,460589.96000000014,925105.58,1385695.5400000005
29,30,17519.87,30262.73,47782.6,478109.83000000013,955368.3099999999,1433478.1400000006
30,31,17636.67,30145.93,47782.6,495746.5000000001,985514.24,1481260.7400000007
31,32,17754.25,30028.36,47782.61,513500.7500000001,1015542.6,1529043.3500000008
32,33,17872.61,29910.0,47782.61,531373.3600000001,1045452.6,1576825.960000001
33,34,17991.76,29790.84,47782.6,549365.1200000001,1075243.44,1624608.560000001
34,35,18111.7,29670.9,47782.600000000006,567476.8200000001,1104914.3399999999,1672391.160000001
35,36,18232.45,29550.15,47782.600000000006,585709.27,1134464.4899999998,1720173.7600000012
36,37,18354.0,29428.6,47782.6,604063.27,1163893.0899999999,1767956.3600000013
37,38,18476.36,29306.24,47782.600000000006,622539.63,1193199.3299999998,1815738.9600000014
38,39,18599.53,29183.07,47782.6,641139.16,1222382.4,1863521.5600000015
39,40,18723.53,29059.07,47782.6,659862.6900000001,1251441.47,1911304.1600000015
40,41,18848.36,28934.25,47782.61,678711.05,1280375.72,1959086.7700000016
41,42,18974.01,28808.59,47782.6,697685.06,1309184.31,2006869.3700000017
42,43,19100.5,28682.1,47782.6,716785.56,1337866.4100000001,2054651.9700000018
43,44,19227.84,28554.76,47782.6,736013.4,1366421.1700000002,2102434.5700000017
44,45,19356.03,28426.58,47782.61,755369.43,1394847.7500000002,2150217.1800000016
45,46,19485.07,28297.54,47782.61,774854.5,1423145.2900000003,2197999.7900000014
46,47,19614.97,28167.64,47782.61,794469.47,1451312.9300000002,2245782.4000000013
47,48,19745.73,28036.87,47782.6,814215.2,1479349.8000000003,2293565.0000000014
48,49,19877.37,27905.23,47782.6,834092.57,1507255.0300000003,2341347.6000000015
49,50,20009.89,27772.72,47782.61,854102.46,1535027.7500000002,2389130.2100000014
50,51,20143.29,27639.32,47782.61,874245.75,1562667.0700000003,2436912.820000001
51,52,20277.58,27505.03,47782.61,894523.33,1590172.1000000003,2484695.430000001
52,53,20412.76,27369.84,47782.6,914936.09,1617541.9400000004,2532478.030000001
53,54,20548.84,27233.76,47782.6,935484.9299999999,1644775.7000000004,2580260.6300000013
54,55,20685.84,27096.77,47782.61,956170.7699999999,1671872.4700000004,2628043.240000001
55,56,20823.74,26958.86,47782.600000000006,976994.5099999999,1698831.3300000005,2675825.8400000012
56,57,20962.57,26820.04,47782.61,997957.0799999998,1725651.3700000006,2723608.450000001
57,58,21102.32,26680.29,47782.61,1019059.3999999998,1752331.6600000006,2771391.060000001
58,59,21243.0,26539.6,47782.6,1040302.3999999998,1778871.2600000007,2819173.660000001
59,60,21384.62,26397.98,47782.6,1061687.0199999998,1805269.2400000007,2866956.260000001
60,61,21527.18,26255.42,47782.6,1083214.1999999997,1831524.6600000006,2914738.8600000013
61,62,21670.7,26111.91,47782.61,1104884.8999999997,1857636.5700000005,2962521.470000001
62,63,21815.17,25967.43,47782.6,1126700.0699999996,1883604.0000000005,3010304.070000001
63,64,21960.6,25822.0,47782.6,1148660.6699999997,1909426.0000000005,3058086.6700000013
64,65,22107.01,25675.6,47782.61,1170767.6799999997,1935101.6000000006,3105869.280000001
65,66,22254.39,25528.22,47782.61,1193022.0699999996,1960629.8200000005,3153651.890000001
66,67,22402.75,25379.85,47782.6,1215424.8199999996,1986009.6700000006,3201434.490000001
67,68,22552.1,25230.5,47782.6,1237976.9199999997,2011240.1700000006,3249217.0900000012
68,69,22702.45,25080.15,47782.600000000006,1260679.3699999996,2036320.3200000005,3296999.6900000013
69,70,22853.8,24928.8,47782.6,1283533.1699999997,2061249.1200000006,3344782.2900000014
70,71,23006.16,24776.45,47782.61,1306539.3299999996,2086025.5700000005,3392564.9000000013
71,72,23159.53,24623.07,47782.6,1329698.8599999996,2110648.6400000006,3440347.5000000014
72,73,23313.93,24468.67,47782.6,1353012.7899999996,2135117.3100000005,3488130.1000000015
73,74,23469.36,24313.25,47782.61,1376482.1499999997,2159430.5600000005,3535912.7100000014
74,75,23625.82,24156.79,47782.61,1400107.9699999997,2183587.3500000006,3583695.320000001
75,76,23783.32,23999.28,47782.6,1423891.2899999998,2207586.6300000004,3631477.9200000013
76,77,23941.88,23840.72,47782.600000000006,1447833.1699999997,2231427.3500000006,3679260.5200000014
77,78,24101.49,23681.11,47782.600000000006,1471934.6599999997,2255108.4600000004,3727043.1200000015
78,79,24262.17,23520.44,47782.61,1496196.8299999996,2278628.9000000004,3774825.7300000014
79,80,24423.92,23358.69,47782.61,1520620.7499999995,2301987.5900000003,3822608.3400000012
80,81,24586.74,23195.86,47782.600000000006,1545207.4899999995,2325183.45,3870390.9400000013
81,82,24750.65,23031.95,47782.600000000006,1569958.1399999994,2348215.4000000004,3918173.5400000014
82,83,24915.66,22866.95,47782.61,1594873.7999999993,2371082.3500000006,3965956.1500000013
83,84,25081.76,22700.84,47782.6,1619955.5599999994,2393783.1900000004,4013738.7500000014
84,85,25248.97,22533.63,47782.600000000006,1645204.5299999993,2416316.8200000003,4061521.3500000015
85,86,25417.3,22365.3,47782.6,1670621.8299999994,2438682.12,4109303.9500000016
86,87,25586.75,22195.85,47782.6,1696208.5799999994,2460877.97,4157086.5500000017
87,88,25757.33,22025.28,47782.61,1721965.9099999995,2482903.25,4204869.160000002
88,89,25929.04,21853.56,47782.600000000006,1747894.9499999995,2504756.81,4252651.760000002
89,90,26101.9,21680.7,47782.600000000006,1773996.8499999994,2526437.5100000002,4300434.360000001
90,91,26275.92,21506.69,47782.61,1800272.7699999993,2547944.2,4348216.970000002
91,92,26451.09,21331.51,47782.6,1826723.8599999994,2569275.71,4395999.570000001
92,93,26627.43,21155.17,47782.6,1853351.2899999993,2590430.88,4443782.170000001
93,94,26804.95,20977.66,47782.61,1880156.2399999993,2611408.54,4491564.780000001
94,95,26983.65,20798.96,47782.61,1907139.8899999992,2632207.5,4539347.3900000015
95,96,27163.54,20619.07,47782.61,1934303.4299999992,2652826.57,4587130.000000002
96,97,27344.63,20437.98,47782.61,1961648.0599999991,2673264.55,4634912.610000002
97,98,27526.92,20255.68,47782.6,1989174.979999999,2693520.23,4682695.210000002
98,99,27710.44,20072.17,47782.61,2016885.419999999,2713592.4,4730477.820000002
99,100,27895.17,19887.43,47782.6,2044780.589999999,2733479.83,4778260.420000002
100,101,28081.14,19701.46,47782.6,2072861.7299999988,2753181.29,4826043.020000001
101,102,28268.35,19514.26,47782.61,2101130.0799999987,2772695.55,4873825.630000002
102,103,28456.8,19325.8,47782.6,2129586.8799999985,2792021.3499999996,4921608.230000001
103,104,28646.52,19136.09,47782.61,2158233.3999999985,2811157.4399999995,4969390.840000002
104,105,28837.49,18945.11,47782.600000000006,2187070.8899999987,2830102.5499999993,5017173.440000001
105,106,29029.74,18752.86,47782.600000000006,2216100.629999999,2848855.409999999,5064956.040000001
106,107,29223.28,18559.33,47782.61,2245323.9099999988,2867414.7399999993,5112738.650000001
107,108,29418.1,18364.51,47782.61,2274742.009999999,2885779.249999999,5160521.260000002
108,109,29614.22,18168.39,47782.61,2304356.229999999,2903947.639999999,5208303.870000002
109,110,29811.65,17970.96,47782.61,2334167.879999999,2921918.599999999,5256086.480000002
110,111,30010.39,17772.21,47782.6,2364178.269999999,2939690.809999999,5303869.080000002
111,112,30210.46,17572.14,47782.6,2394388.729999999,2957262.9499999993,5351651.680000002
112,113,30411.86,17370.74,47782.600000000006,2424800.589999999,2974633.6899999995,5399434.280000001
113,114,30614.61,17168.0,47782.61,2455415.199999999,2991801.6899999995,5447216.8900000015
114,115,30818.71,16963.9,47782.61,2486233.9099999988,3008765.5899999994,5494999.500000002
115,116,31024.16,16758.44,47782.6,2517258.069999999,3025524.0299999993,5542782.1000000015
116,117,31230.99,16551.61,47782.600000000006,2548489.059999999,3042075.639999999,5590564.700000001
117,118,31439.2,16343.41,47782.61,2579928.2599999993,3058419.0499999993,5638347.310000001
118,119,31648.79,16133.81,47782.6,2611577.0499999993,3074552.8599999994,5686129.910000001
119,120,31859.78,15922.82,47782.6,2643436.829999999,3090475.6799999992,5733912.510000001
120,121,32072.18,15710.42,47782.6,2675509.0099999993,3106186.099999999,5781695.11
121,122,32286.0,15496.61,47782.61,2707795.0099999993,3121682.709999999,5829477.720000001
122,123,32501.24,15281.37,47782.61,2740296.2499999995,3136964.079999999,5877260.330000001
123,124,32717.91,15064.69,47782.6,2773014.1599999997,3152028.769999999,5925042.930000001
124,125,32936.03,14846.57,47782.6,2805950.1899999995,3166875.339999999,5972825.53
125,126,33155.61,14627.0,47782.61,2839105.7999999993,3181502.339999999,6020608.140000001
126,127,33376.64,14405.96,47782.6,2872482.4399999995,3195908.299999999,6068390.74
127,128,33599.15,14183.45,47782.600000000006,2906081.5899999994,3210091.749999999,6116173.34
128,129,33823.15,13959.46,47782.61,2939904.7399999993,3224051.209999999,6163955.95
129,130,34048.64,13733.97,47782.61,2973953.3799999994,3237785.1799999992,6211738.5600000005
130,131,34275.63,13506.98,47782.61,3008229.0099999993,3251292.159999999,6259521.170000001
131,132,34504.13,13278.47,47782.6,3042733.139999999,3264570.6299999994,6307303.7700000005
132,133,34734.16,13048.45,47782.61,3077467.2999999993,3277619.0799999996,6355086.380000001
133,134,34965.72,12816.88,47782.6,3112433.0199999996,3290435.9599999995,6402868.98
134,135,35198.82,12583.78,47782.6,3147631.8399999994,3303019.7399999993,6450651.58
135,136,35433.48,12349.12,47782.600000000006,3183065.3199999994,3315368.8599999994,6498434.18
136,137,35669.71,12112.9,47782.61,3218735.0299999993,3327481.7599999993,6546216.79
137,138,35907.5,11875.1,47782.6,3254642.5299999993,3339356.8599999994,6593999.39
138,139,36146.89,11635.72,47782.61,3290789.4199999995,3350992.5799999996,6641782.0
139,140,36387.87,11394.74,47782.61,3327177.2899999996,3362387.32,6689564.61
140,141,36630.45,11152.15,47782.6,3363807.7399999998,3373539.4699999997,6737347.21
141,142,36874.66,10907.95,47782.61,3400682.4,3384447.42,6785129.82
142,143,37120.49,10662.12,47782.61,3437802.89,3395109.54,6832912.430000001
143,144,37367.96,10414.65,47782.61,3475170.85,3405524.19,6880695.040000001
144,145,37617.08,10165.53,47782.61,3512787.93,3415689.7199999997,6928477.650000001
145,146,37867.86,9914.75,47782.61,3550655.79,3425604.4699999997,6976260.260000002
146,147,38120.31,9662.29,47782.6,3588776.1,3435266.76,7024042.860000001
147,148,38374.44,9408.16,47782.600000000006,3627150.54,3444674.92,7071825.460000001
148,149,38630.27,9152.33,47782.6,3665780.81,3453827.25,7119608.0600000005
149,150,38887.81,8894.79,47782.6,3704668.62,3462722.04,7167390.66
150,151,39147.06,8635.54,47782.6,3743815.68,3471357.58,7215173.26
151,152,39408.04,8374.56,47782.6,3783223.72,3479732.14,7262955.859999999
152,153,39670.76,8111.84,47782.600000000006,3822894.48,3487843.98,7310738.459999999
153,154,39935.23,7847.37,47782.600000000006,3862829.71,3495691.35,7358521.059999999
154,155,40201.47,7581.14,47782.61,3903031.18,3503272.49,7406303.669999999
155,156,40469.48,7313.13,47782.61,3943500.66,3510585.62,7454086.279999999
156,157,40739.28,7043.33,47782.61,3984239.94,3517628.95,7501868.89
157,158,41010.87,6771.73,47782.600000000006,4025250.81,3524400.68,7549651.489999999
158,159,41284.28,6498.33,47782.61,4066535.09,3530899.0100000002,7597434.1
159,160,41559.5,6223.1,47782.6,4108094.59,3537122.1100000003,7645216.699999999
160,161,41836.57,5946.04,47782.61,4149931.1599999997,3543068.1500000004,7692999.31
161,162,42115.48,5667.13,47782.61,4192046.6399999997,3548735.2800000003,7740781.92
162,163,42396.25,5386.36,47782.61,4234442.89,3554121.64,7788564.53
163,164,42678.89,5103.71,47782.6,4277121.779999999,3559225.35,7836347.13
164,165,42963.42,4819.19,47782.61,4320085.199999999,3564044.54,7884129.74
165,166,43249.84,4532.77,47782.61,4363335.039999999,3568577.31,7931912.350000001
166,167,43538.17,4244.43,47782.6,4406873.209999999,3572821.74,7979694.95
167,168,43828.43,3954.18,47782.61,4450701.639999999,3576775.9200000004,8027477.5600000005
168,169,44120.61,3661.99,47782.6,4494822.249999999,3580437.9100000006,8075260.16
169,170,44414.75,3367.85,47782.6,4539236.999999999,3583805.7600000007,8123042.76
170,171,44710.85,3071.75,47782.6,4583947.849999999,3586877.5100000007,8170825.359999999
171,172,45008.92,2773.68,47782.6,4628956.769999999,3589651.190000001,8218607.959999999
172,173,45308.98,2473.62,47782.600000000006,4674265.749999999,3592124.810000001,8266390.559999999
173,174,45611.04,2171.56,47782.6,4719876.789999999,3594296.370000001,8314173.159999998
174,175,45915.12,1867.49,47782.61,4765791.909999999,3596163.8600000013,8361955.769999999
175,176,46221.22,1561.39,47782.61,4812013.129999999,3597725.2500000014,8409738.379999999
176,177,46529.36,1253.25,47782.61,4858542.489999999,3598978.5000000014,8457520.989999998
177,178,46839.55,943.05,47782.600000000006,4905382.039999999,3599921.550000001,8505303.589999998
178,179,47151.82,630.79,47782.61,4952533.859999999,3600552.3400000012,8553086.199999997
179,180,47466.16,316.44,47782.600000000006,5000000.02,3600868.780000001,8600868.799999997
